3.000000000000000568e+02 2.920000000000000373e-01 0.000000000000000000e+00 0.000000000000000000e+00 7.080000000000120641e-01
3.183877551020408987e+02 2.544000000000000150e-01 0.000000000000000000e+00 0.000000000000000000e+00 7.456000000000131411e-01
3.367755102040816269e+02 2.232000000000000095e-01 0.000000000000000000e+00 0.000000000000000000e+00 7.768000000000140348e-01
3.551632653061224687e+02 2.295999999999999985e-01 0.000000000000000000e+00 0.000000000000000000e+00 7.704000000000138515e-01
3.735510204081632537e+02 2.224000000000000421e-01 0.000000000000000000e+00 0.000000000000000000e+00 7.776000000000140577e-01
3.919387755102040956e+02 1.832000000000000017e-01 0.000000000000000000e+00 0.000000000000000000e+00 8.168000000000151806e-01
4.103265306122449374e+02 1.607999999999999985e-01 0.000000000000000000e+00 0.000000000000000000e+00 8.392000000000158222e-01
4.287142857142857224e+02 1.464000000000000301e-01 0.000000000000000000e+00 0.000000000000000000e+00 8.536000000000162347e-01
4.471020408163265074e+02 1.232000000000000040e-01 0.000000000000000000e+00 0.000000000000000000e+00 8.768000000000168992e-01
4.654897959183674061e+02 1.264000000000000123e-01 0.000000000000000000e+00 0.000000000000000000e+00 8.736000000000168075e-01
4.838775510204082480e+02 1.032000000000000001e-01 0.000000000000000000e+00 0.000000000000000000e+00 8.968000000000174721e-01
5.022653061224489761e+02 1.015999999999999959e-01 0.000000000000000000e+00 0.000000000000000000e+00 8.984000000000175179e-01
5.206530612244898748e+02 1.103999999999999981e-01 0.000000000000000000e+00 0.000000000000000000e+00 8.896000000000172658e-01
5.390408163265306030e+02 1.032000000000000139e-01 0.000000000000000000e+00 0.000000000000000000e+00 8.968000000000174721e-01
5.574285714285714448e+02 1.015999999999999959e-01 0.000000000000000000e+00 0.000000000000000000e+00 8.984000000000175179e-01
5.758163265306124003e+02 9.280000000000000748e-02 0.000000000000000000e+00 0.000000000000000000e+00 9.072000000000177700e-01
5.942040816326531285e+02 9.280000000000000748e-02 0.000000000000000000e+00 0.000000000000000000e+00 9.072000000000177700e-01
6.125918367346940840e+02 8.719999999999999973e-02 0.000000000000000000e+00 0.000000000000000000e+00 9.128000000000179304e-01
6.309795918367348122e+02 7.919999999999999263e-02 0.000000000000000000e+00 0.000000000000000000e+00 9.208000000000181595e-01
6.493673469387756541e+02 8.240000000000000102e-02 0.000000000000000000e+00 0.000000000000000000e+00 9.176000000000180679e-01
6.677551020408164959e+02 8.319999999999999618e-02 0.000000000000000000e+00 0.000000000000000000e+00 9.168000000000180449e-01
6.861428571428572241e+02 7.600000000000001199e-02 0.000000000000000000e+00 0.000000000000000000e+00 9.240000000000182512e-01
7.045306122448979522e+02 8.560000000000000941e-02 0.000000000000000000e+00 0.000000000000000000e+00 9.144000000000179762e-01
7.229183673469387941e+02 7.839999999999999747e-02 0.000000000000000000e+00 0.000000000000000000e+00 9.216000000000181824e-01
7.413061224489796359e+02 6.160000000000000198e-02 0.000000000000000000e+00 0.000000000000000000e+00 9.384000000000186636e-01
7.596938775510204778e+02 8.000000000000000167e-02 0.000000000000000000e+00 0.000000000000000000e+00 9.200000000000181366e-01
7.780816326530612059e+02 6.400000000000000133e-02 0.000000000000000000e+00 0.000000000000000000e+00 9.360000000000185949e-01
7.964693877551020478e+02 8.719999999999999973e-02 0.000000000000000000e+00 0.000000000000000000e+00 9.127999999999883984e-01
8.148571428571428896e+02 6.880000000000000004e-02 0.000000000000000000e+00 0.000000000000000000e+00 9.311999999981570575e-01
8.332448979591837315e+02 8.719999999999999973e-02 0.000000000000000000e+00 0.000000000000000000e+00 9.127999999110749663e-01
8.516326530612244596e+02 8.000000000000000167e-02 0.000000000000000000e+00 0.000000000000000000e+00 9.199999968825428587e-01
8.700204081632653015e+02 7.920000000000000651e-02 0.000000000000000000e+00 0.000000000000000000e+00 9.207999216256659292e-01
8.884081632653061433e+02 6.800000000000000488e-02 0.000000000000000000e+00 0.000000000000000000e+00 9.319987092039877519e-01
9.067959183673469852e+02 7.839999999999999747e-02 0.000000000000000000e+00 0.000000000000000000e+00 9.215843832535879354e-01
9.251836734693878270e+02 6.880000000000000004e-02 0.000000000000000000e+00 0.000000000000000000e+00 9.310721747722124908e-01
9.435714285714286689e+02 8.240000000000000102e-02 0.000000000000000000e+00 0.000000000000000000e+00 9.167357799523040418e-01
9.619591836734695107e+02 7.920000000000000651e-02 0.000000000000000000e+00 6.170480366179620043e-05 9.175128871696474064e-01
9.803469387755103526e+02 6.880000000000000004e-02 0.000000000000000000e+00 0.000000000000000000e+00 9.296962398812255168e-01
9.987346938775511944e+02 7.521455752470573852e-02 0.000000000000000000e+00 7.554170824551681082e-04 9.207540821705749723e-01
1.017122448979591809e+03 8.552593586023340966e-02 0.000000000000000000e+00 1.100494988907992642e-03 9.107246124900969519e-01
1.035510204081632764e+03 1.268743843338970834e-01 0.000000000000000000e+00 5.729369110403156884e-03 8.648537363569150926e-01
1.053897959183673493e+03 1.659038683675765347e-01 0.000000000000000000e+00 1.007092424787956603e-02 8.214369095252463948e-01
1.072285714285714221e+03 2.466272247624567981e-01 0.000000000000000000e+00 2.013081755552126317e-02 7.305999209286550000e-01
1.090673469387755176e+03 3.530973980477654650e-01 0.000000000000000000e+00 5.893853490486587743e-02 5.862477984694929312e-01
1.109061224489795904e+03 3.931394157420187718e-01 0.000000000000000000e+00 9.837039650824594417e-02 5.073587658807308109e-01
1.127448979591836633e+03 4.250307120042476905e-01 0.000000000000000000e+00 1.391575421114772115e-01 4.351025894342649969e-01
1.145836734693877588e+03 4.739769156443028320e-01 0.000000000000000000e+00 1.751051516210112013e-01 3.505679444305320747e-01
1.164224489795918544e+03 5.429014037310752050e-01 0.000000000000000000e+00 2.393010974844432259e-01 2.177362121508977510e-01
1.182612244897959499e+03 6.363454341684007254e-01 0.000000000000000000e+00 2.999850114191610073e-01 6.365005706892278015e-02
1.201000000000000000e+03 6.699197600134101371e-01 0.000000000000000000e+00 3.074011268476598557e-01 2.267911313892999672e-02
